Method	AvrTime(seconds)
Seq:	0.00508771
Par:	0.0245972
Red:	0.00103694
