Method	AvrTime(seconds)
Seq:	0.421834
Par:	3.55313
Red:	0.104842
