TimeSeq: 1.18947 seconds
TimePar: 0.196302 seconds
