TimeSeq: 1.23772 seconds
TimePar: 0.31103 seconds
