TimeSeq: 1.16482 seconds
TimePar: 0.190846 seconds
